obj_refer = -9017.65695198717185121495
rho_refer = -0.29600284447964708701
tol = 1e-6
