obj_refer = -9017.64297024050
rho_refer = -0.296003727886373
tol = 1e-6
